n=4
count=199
#1
1 2
3 2
4 2
#2
1 2
2 3
4 3
#3
1 2
2 3
4 2
#4
1 2
2 3
3 4
#5
1 2
2 3
3 4
4 1
#6
1 2
2 3
3 1
4 1
#7
1 2
2 1
3 1
4 3
#8
1 2
2 1
3 1
4 2
#9
1 2
2 1
3 1
4 1
#10
1 2
1 3
4 2
#11
1 2
1 3
4 2
4 3
#12
1 2
1 3
4 1
#13
1 2
1 3
2 4
#14
1 2
1 3
2 4
4 3
#15
1 2
1 3
2 4
4 2
#16
1 2
1 3
2 4
4 1
#17
1 2
1 3
2 4
3 4
#18
1 2
1 3
2 4
3 4
4 2
#19
1 2
1 3
2 4
3 4
4 1
#20
1 2
1 3
2 3
4 3
#21
1 2
1 3
2 3
4 2
#22
1 2
1 3
2 3
4 2
4 3
#23
1 2
1 3
2 3
4 1
#24
1 2
1 3
2 3
3 4
#25
1 2
1 3
2 3
3 4
4 3
#26
1 2
1 3
2 3
3 4
4 2
#27
1 2
1 3
2 3
3 4
4 1
#28
1 2
1 3
2 3
3 2
4 2
#29
1 2
1 3
2 3
3 2
4 2
4 3
#30
1 2
1 3
2 3
3 2
4 1
#31
1 2
1 3
2 3
2 4
#32
1 2
1 3
2 3
2 4
4 3
#33
1 2
1 3
2 3
2 4
4 1
#34
1 2
1 3
2 3
2 4
4 1
4 3
#35
1 2
1 3
2 3
2 4
3 4
#36
1 2
1 3
2 3
2 4
3 4
4 3
#37
1 2
1 3
2 3
2 4
3 4
4 1
#38
1 2
1 3
2 1
4 3
#39
1 2
1 3
2 1
4 2
#40
1 2
1 3
2 1
4 2
4 3
#41
1 2
1 3
2 1
4 1
#42
1 2
1 3
2 1
4 1
4 3
#43
1 2
1 3
2 1
4 1
4 2
#44
1 2
1 3
2 1
3 4
#45
1 2
1 3
2 1
3 4
4 3
#46
1 2
1 3
2 1
3 4
4 2
#47
1 2
1 3
2 1
3 4
4 2
4 3
#48
1 2
1 3
2 1
3 4
4 1
#49
1 2
1 3
2 1
3 4
4 1
4 2
#50
1 2
1 3
2 1
3 2
4 3
#51
1 2
1 3
2 1
3 2
4 2
#52
1 2
1 3
2 1
3 2
4 2
4 3
#53
1 2
1 3
2 1
3 2
4 1
#54
1 2
1 3
2 1
3 2
4 1
4 3
#55
1 2
1 3
2 1
3 2
4 1
4 2
#56
1 2
1 3
2 1
3 2
3 4
#57
1 2
1 3
2 1
3 2
3 4
4 3
#58
1 2
1 3
2 1
3 2
3 4
4 2
#59
1 2
1 3
2 1
3 2
3 4
4 1
#60
1 2
1 3
2 1
3 2
3 4
4 1
4 2
#61
1 2
1 3
2 1
3 1
4 2
#62
1 2
1 3
2 1
3 1
4 2
4 3
#63
1 2
1 3
2 1
3 1
4 1
#64
1 2
1 3
2 1
3 1
4 1
4 2
#65
1 2
1 3
2 1
2 4
#66
1 2
1 3
2 1
2 4
3 4
#67
1 2
1 3
2 1
2 4
3 4
4 3
#68
1 2
1 3
2 1
2 4
3 2
#69
1 2
1 3
2 1
2 4
3 2
4 3
#70
1 2
1 3
2 1
2 4
3 2
4 1
#71
1 2
1 3
2 1
2 4
3 2
3 4
#72
1 2
1 3
2 1
2 4
3 2
3 4
4 3
#73
1 2
1 3
2 1
2 4
3 2
3 4
4 1
#74
1 2
1 3
2 1
2 4
3 2
3 4
4 1
4 3
#75
1 2
1 3
2 1
2 4
3 1
#76
1 2
1 3
2 1
2 4
3 1
4 3
#77
1 2
1 3
2 1
2 4
3 1
4 2
#78
1 2
1 3
2 1
2 4
3 1
4 1
#79
1 2
1 3
2 1
2 4
3 1
4 1
4 3
#80
1 2
1 3
2 1
2 4
3 1
3 4
#81
1 2
1 3
2 1
2 4
3 1
3 4
4 2
#82
1 2
1 3
2 1
2 4
3 1
3 4
4 2
4 3
#83
1 2
1 3
2 1
2 4
3 1
3 4
4 1
#84
1 2
1 3
2 1
2 3
4 3
#85
1 2
1 3
2 1
2 3
4 1
#86
1 2
1 3
2 1
2 3
4 1
4 3
#87
1 2
1 3
2 1
2 3
4 1
4 2
#88
1 2
1 3
2 1
2 3
3 4
#89
1 2
1 3
2 1
2 3
3 4
4 3
#90
1 2
1 3
2 1
2 3
3 4
4 1
#91
1 2
1 3
2 1
2 3
3 4
4 1
4 3
#92
1 2
1 3
2 1
2 3
3 4
4 1
4 2
#93
1 2
1 3
2 1
2 3
3 1
4 3
#94
1 2
1 3
2 1
2 3
3 1
4 2
#95
1 2
1 3
2 1
2 3
3 1
4 2
4 3
#96
1 2
1 3
2 1
2 3
3 1
4 1
#97
1 2
1 3
2 1
2 3
3 1
4 1
4 3
#98
1 2
1 3
2 1
2 3
3 1
4 1
4 2
#99
1 2
1 3
2 1
2 3
3 1
3 4
#100
1 2
1 3
2 1
2 3
3 1
3 4
4 3
#101
1 2
1 3
2 1
2 3
3 1
3 4
4 2
#102
1 2
1 3
2 1
2 3
3 1
3 4
4 2
4 3
#103
1 2
1 3
2 1
2 3
3 1
3 4
4 1
#104
1 2
1 3
2 1
2 3
3 1
3 4
4 1
4 3
#105
1 2
1 3
2 1
2 3
3 1
3 4
4 1
4 2
#106
1 2
1 3
2 1
2 3
3 1
3 2
4 1
#107
1 2
1 3
2 1
2 3
3 1
3 2
4 1
4 2
#108
1 2
1 3
1 4
#109
1 2
1 3
1 4
2 3
#110
1 2
1 3
1 4
2 3
4 3
#111
1 2
1 3
1 4
2 3
3 4
#112
1 2
1 3
1 4
2 3
3 4
4 2
#113
1 2
1 3
1 4
2 3
3 2
#114
1 2
1 3
1 4
2 3
3 2
4 2
#115
1 2
1 3
1 4
2 3
2 4
#116
1 2
1 3
1 4
2 3
2 4
3 4
#117
1 2
1 3
1 4
2 3
2 4
3 4
4 3
#118
1 2
1 3
1 4
2 3
2 4
3 2
#119
1 2
1 3
1 4
2 3
2 4
3 2
4 3
#120
1 2
1 3
1 4
2 3
2 4
3 2
4 2
#121
1 2
1 3
1 4
2 3
2 4
3 2
3 4
#122
1 2
1 3
1 4
2 3
2 4
3 2
3 4
4 2
#123
1 2
1 3
1 4
2 3
2 4
3 2
3 4
4 2
4 3
#124
1 2
1 3
1 4
2 1
#125
1 2
1 3
1 4
2 1
3 4
#126
1 2
1 3
1 4
2 1
3 4
4 3
#127
1 2
1 3
1 4
2 1
3 2
#128
1 2
1 3
1 4
2 1
3 2
4 3
#129
1 2
1 3
1 4
2 1
3 2
4 2
#130
1 2
1 3
1 4
2 1
3 2
3 4
#131
1 2
1 3
1 4
2 1
3 2
3 4
4 3
#132
1 2
1 3
1 4
2 1
3 2
3 4
4 2
#133
1 2
1 3
1 4
2 1
3 2
3 4
4 2
4 3
#134
1 2
1 3
1 4
2 1
3 1
#135
1 2
1 3
1 4
2 1
3 1
4 2
#136
1 2
1 3
1 4
2 1
3 1
4 2
4 3
#137
1 2
1 3
1 4
2 1
3 1
4 1
#138
1 2
1 3
1 4
2 1
2 3
#139
1 2
1 3
1 4
2 1
2 3
4 3
#140
1 2
1 3
1 4
2 1
2 3
4 2
#141
1 2
1 3
1 4
2 1
2 3
4 2
4 3
#142
1 2
1 3
1 4
2 1
2 3
4 1
#143
1 2
1 3
1 4
2 1
2 3
4 1
4 3
#144
1 2
1 3
1 4
2 1
2 3
3 4
#145
1 2
1 3
1 4
2 1
2 3
3 4
4 3
#146
1 2
1 3
1 4
2 1
2 3
3 4
4 2
#147
1 2
1 3
1 4
2 1
2 3
3 4
4 2
4 3
#148
1 2
1 3
1 4
2 1
2 3
3 4
4 1
#149
1 2
1 3
1 4
2 1
2 3
3 2
#150
1 2
1 3
1 4
2 1
2 3
3 2
4 3
#151
1 2
1 3
1 4
2 1
2 3
3 2
4 2
#152
1 2
1 3
1 4
2 1
2 3
3 2
4 2
4 3
#153
1 2
1 3
1 4
2 1
2 3
3 2
4 1
#154
1 2
1 3
1 4
2 1
2 3
3 2
4 1
4 3
#155
1 2
1 3
1 4
2 1
2 3
3 2
3 4
#156
1 2
1 3
1 4
2 1
2 3
3 2
3 4
4 3
#157
1 2
1 3
1 4
2 1
2 3
3 2
3 4
4 2
#158
1 2
1 3
1 4
2 1
2 3
3 2
3 4
4 2
4 3
#159
1 2
1 3
1 4
2 1
2 3
3 2
3 4
4 1
#160
1 2
1 3
1 4
2 1
2 3
3 2
3 4
4 1
4 3
#161
1 2
1 3
1 4
2 1
2 3
3 1
#162
1 2
1 3
1 4
2 1
2 3
3 1
4 3
#163
1 2
1 3
1 4
2 1
2 3
3 1
4 2
#164
1 2
1 3
1 4
2 1
2 3
3 1
4 2
4 3
#165
1 2
1 3
1 4
2 1
2 3
3 1
4 1
#166
1 2
1 3
1 4
2 1
2 3
3 1
4 1
4 3
#167
1 2
1 3
1 4
2 1
2 3
3 1
3 4
#168
1 2
1 3
1 4
2 1
2 3
3 1
3 4
4 3
#169
1 2
1 3
1 4
2 1
2 3
3 1
3 4
4 2
#170
1 2
1 3
1 4
2 1
2 3
3 1
3 4
4 2
4 3
#171
1 2
1 3
1 4
2 1
2 3
3 1
3 4
4 1
#172
1 2
1 3
1 4
2 1
2 3
3 1
3 4
4 1
4 2
#173
1 2
1 3
1 4
2 1
2 3
3 1
3 2
#174
1 2
1 3
1 4
2 1
2 3
3 1
3 2
4 2
#175
1 2
1 3
1 4
2 1
2 3
3 1
3 2
4 2
4 3
#176
1 2
1 3
1 4
2 1
2 3
3 1
3 2
4 1
#177
1 2
1 3
1 4
2 1
2 3
3 1
3 2
4 1
4 2
#178
1 2
1 3
1 4
2 1
2 3
2 4
#179
1 2
1 3
1 4
2 1
2 3
2 4
3 4
#180
1 2
1 3
1 4
2 1
2 3
2 4
3 4
4 3
#181
1 2
1 3
1 4
2 1
2 3
2 4
3 1
#182
1 2
1 3
1 4
2 1
2 3
2 4
3 1
4 3
#183
1 2
1 3
1 4
2 1
2 3
2 4
3 1
4 2
#184
1 2
1 3
1 4
2 1
2 3
2 4
3 1
4 1
#185
1 2
1 3
1 4
2 1
2 3
2 4
3 1
3 4
#186
1 2
1 3
1 4
2 1
2 3
2 4
3 1
3 4
4 3
#187
1 2
1 3
1 4
2 1
2 3
2 4
3 1
3 4
4 2
#188
1 2
1 3
1 4
2 1
2 3
2 4
3 1
3 4
4 2
4 3
#189
1 2
1 3
1 4
2 1
2 3
2 4
3 1
3 4
4 1
#190
1 2
1 3
1 4
2 1
2 3
2 4
3 1
3 4
4 1
4 3
#191
1 2
1 3
1 4
2 1
2 3
2 4
3 1
3 2
#192
1 2
1 3
1 4
2 1
2 3
2 4
3 1
3 2
4 3
#193
1 2
1 3
1 4
2 1
2 3
2 4
3 1
3 2
4 1
#194
1 2
1 3
1 4
2 1
2 3
2 4
3 1
3 2
4 1
4 3
#195
1 2
1 3
1 4
2 1
2 3
2 4
3 1
3 2
4 1
4 2
#196
1 2
1 3
1 4
2 1
2 3
2 4
3 1
3 2
3 4
#197
1 2
1 3
1 4
2 1
2 3
2 4
3 1
3 2
3 4
4 1
#198
1 2
1 3
1 4
2 1
2 3
2 4
3 1
3 2
3 4
4 1
4 2
#199
1 2
1 3
1 4
2 1
2 3
2 4
3 1
3 2
3 4
4 1
4 2
4 3
