n=4
count=199
#1
count=0
1 2
3 2
4 2
#2
count=0
1 2
2 3
4 3
#3
count=0
1 2
2 3
4 2
#4
count=0
1 2
2 3
3 4
#5
count=0
1 2
2 3
3 4
4 1
#6
count=0
1 2
2 3
3 1
4 1
#7
count=0
1 2
2 1
3 1
4 3
#8
count=0
1 2
2 1
3 1
4 2
#9
count=0
1 2
2 1
3 1
4 1
#10
count=0
1 2
1 3
4 2
#11
count=0
1 2
1 3
4 2
4 3
#12
count=0
1 2
1 3
4 1
#13
count=0
1 2
1 3
2 4
#14
count=0
1 2
1 3
2 4
4 3
#15
count=0
1 2
1 3
2 4
4 2
#16
count=0
1 2
1 3
2 4
4 1
#17
count=0
1 2
1 3
2 4
3 4
#18
count=0
1 2
1 3
2 4
3 4
4 2
#19
count=0
1 2
1 3
2 4
3 4
4 1
#20
count=0
1 2
1 3
2 3
4 3
#21
count=0
1 2
1 3
2 3
4 2
#22
count=0
1 2
1 3
2 3
4 2
4 3
#23
count=0
1 2
1 3
2 3
4 1
#24
count=0
1 2
1 3
2 3
3 4
#25
count=0
1 2
1 3
2 3
3 4
4 3
#26
count=0
1 2
1 3
2 3
3 4
4 2
#27
count=0
1 2
1 3
2 3
3 4
4 1
#28
count=0
1 2
1 3
2 3
3 2
4 2
#29
count=0
1 2
1 3
2 3
3 2
4 2
4 3
#30
count=0
1 2
1 3
2 3
3 2
4 1
#31
count=0
1 2
1 3
2 3
2 4
#32
count=0
1 2
1 3
2 3
2 4
4 3
#33
count=0
1 2
1 3
2 3
2 4
4 1
#34
count=0
1 2
1 3
2 3
2 4
4 1
4 3
#35
count=0
1 2
1 3
2 3
2 4
3 4
#36
count=0
1 2
1 3
2 3
2 4
3 4
4 3
#37
count=0
1 2
1 3
2 3
2 4
3 4
4 1
#38
count=0
1 2
1 3
2 1
4 3
#39
count=0
1 2
1 3
2 1
4 2
#40
count=0
1 2
1 3
2 1
4 2
4 3
#41
count=0
1 2
1 3
2 1
4 1
#42
count=0
1 2
1 3
2 1
4 1
4 3
#43
count=0
1 2
1 3
2 1
4 1
4 2
#44
count=0
1 2
1 3
2 1
3 4
#45
count=0
1 2
1 3
2 1
3 4
4 3
#46
count=0
1 2
1 3
2 1
3 4
4 2
#47
count=0
1 2
1 3
2 1
3 4
4 2
4 3
#48
count=0
1 2
1 3
2 1
3 4
4 1
#49
count=0
1 2
1 3
2 1
3 4
4 1
4 2
#50
count=0
1 2
1 3
2 1
3 2
4 3
#51
count=0
1 2
1 3
2 1
3 2
4 2
#52
count=0
1 2
1 3
2 1
3 2
4 2
4 3
#53
count=0
1 2
1 3
2 1
3 2
4 1
#54
count=0
1 2
1 3
2 1
3 2
4 1
4 3
#55
count=0
1 2
1 3
2 1
3 2
4 1
4 2
#56
count=0
1 2
1 3
2 1
3 2
3 4
#57
count=0
1 2
1 3
2 1
3 2
3 4
4 3
#58
count=0
1 2
1 3
2 1
3 2
3 4
4 2
#59
count=0
1 2
1 3
2 1
3 2
3 4
4 1
#60
count=0
1 2
1 3
2 1
3 2
3 4
4 1
4 2
#61
count=0
1 2
1 3
2 1
3 1
4 2
#62
count=0
1 2
1 3
2 1
3 1
4 2
4 3
#63
count=0
1 2
1 3
2 1
3 1
4 1
#64
count=0
1 2
1 3
2 1
3 1
4 1
4 2
#65
count=0
1 2
1 3
2 1
2 4
#66
count=0
1 2
1 3
2 1
2 4
3 4
#67
count=0
1 2
1 3
2 1
2 4
3 4
4 3
#68
count=0
1 2
1 3
2 1
2 4
3 2
#69
count=0
1 2
1 3
2 1
2 4
3 2
4 3
#70
count=0
1 2
1 3
2 1
2 4
3 2
4 1
#71
count=0
1 2
1 3
2 1
2 4
3 2
3 4
#72
count=0
1 2
1 3
2 1
2 4
3 2
3 4
4 3
#73
count=0
1 2
1 3
2 1
2 4
3 2
3 4
4 1
#74
count=0
1 2
1 3
2 1
2 4
3 2
3 4
4 1
4 3
#75
count=0
1 2
1 3
2 1
2 4
3 1
#76
count=0
1 2
1 3
2 1
2 4
3 1
4 3
#77
count=0
1 2
1 3
2 1
2 4
3 1
4 2
#78
count=0
1 2
1 3
2 1
2 4
3 1
4 1
#79
count=0
1 2
1 3
2 1
2 4
3 1
4 1
4 3
#80
count=0
1 2
1 3
2 1
2 4
3 1
3 4
#81
count=0
1 2
1 3
2 1
2 4
3 1
3 4
4 2
#82
count=0
1 2
1 3
2 1
2 4
3 1
3 4
4 2
4 3
#83
count=0
1 2
1 3
2 1
2 4
3 1
3 4
4 1
#84
count=0
1 2
1 3
2 1
2 3
4 3
#85
count=0
1 2
1 3
2 1
2 3
4 1
#86
count=0
1 2
1 3
2 1
2 3
4 1
4 3
#87
count=0
1 2
1 3
2 1
2 3
4 1
4 2
#88
count=0
1 2
1 3
2 1
2 3
3 4
#89
count=0
1 2
1 3
2 1
2 3
3 4
4 3
#90
count=0
1 2
1 3
2 1
2 3
3 4
4 1
#91
count=0
1 2
1 3
2 1
2 3
3 4
4 1
4 3
#92
count=0
1 2
1 3
2 1
2 3
3 4
4 1
4 2
#93
count=0
1 2
1 3
2 1
2 3
3 1
4 3
#94
count=0
1 2
1 3
2 1
2 3
3 1
4 2
#95
count=0
1 2
1 3
2 1
2 3
3 1
4 2
4 3
#96
count=0
1 2
1 3
2 1
2 3
3 1
4 1
#97
count=0
1 2
1 3
2 1
2 3
3 1
4 1
4 3
#98
count=0
1 2
1 3
2 1
2 3
3 1
4 1
4 2
#99
count=0
1 2
1 3
2 1
2 3
3 1
3 4
#100
count=0
1 2
1 3
2 1
2 3
3 1
3 4
4 3
#101
count=0
1 2
1 3
2 1
2 3
3 1
3 4
4 2
#102
count=0
1 2
1 3
2 1
2 3
3 1
3 4
4 2
4 3
#103
count=0
1 2
1 3
2 1
2 3
3 1
3 4
4 1
#104
count=0
1 2
1 3
2 1
2 3
3 1
3 4
4 1
4 3
#105
count=0
1 2
1 3
2 1
2 3
3 1
3 4
4 1
4 2
#106
count=0
1 2
1 3
2 1
2 3
3 1
3 2
4 1
#107
count=0
1 2
1 3
2 1
2 3
3 1
3 2
4 1
4 2
#108
count=0
1 2
1 3
1 4
#109
count=0
1 2
1 3
1 4
2 3
#110
count=0
1 2
1 3
1 4
2 3
4 3
#111
count=0
1 2
1 3
1 4
2 3
3 4
#112
count=0
1 2
1 3
1 4
2 3
3 4
4 2
#113
count=0
1 2
1 3
1 4
2 3
3 2
#114
count=0
1 2
1 3
1 4
2 3
3 2
4 2
#115
count=0
1 2
1 3
1 4
2 3
2 4
#116
count=0
1 2
1 3
1 4
2 3
2 4
3 4
#117
count=0
1 2
1 3
1 4
2 3
2 4
3 4
4 3
#118
count=0
1 2
1 3
1 4
2 3
2 4
3 2
#119
count=0
1 2
1 3
1 4
2 3
2 4
3 2
4 3
#120
count=0
1 2
1 3
1 4
2 3
2 4
3 2
4 2
#121
count=0
1 2
1 3
1 4
2 3
2 4
3 2
3 4
#122
count=0
1 2
1 3
1 4
2 3
2 4
3 2
3 4
4 2
#123
count=0
1 2
1 3
1 4
2 3
2 4
3 2
3 4
4 2
4 3
#124
count=0
1 2
1 3
1 4
2 1
#125
count=0
1 2
1 3
1 4
2 1
3 4
#126
count=0
1 2
1 3
1 4
2 1
3 4
4 3
#127
count=0
1 2
1 3
1 4
2 1
3 2
#128
count=0
1 2
1 3
1 4
2 1
3 2
4 3
#129
count=0
1 2
1 3
1 4
2 1
3 2
4 2
#130
count=0
1 2
1 3
1 4
2 1
3 2
3 4
#131
count=0
1 2
1 3
1 4
2 1
3 2
3 4
4 3
#132
count=0
1 2
1 3
1 4
2 1
3 2
3 4
4 2
#133
count=0
1 2
1 3
1 4
2 1
3 2
3 4
4 2
4 3
#134
count=0
1 2
1 3
1 4
2 1
3 1
#135
count=0
1 2
1 3
1 4
2 1
3 1
4 2
#136
count=0
1 2
1 3
1 4
2 1
3 1
4 2
4 3
#137
count=0
1 2
1 3
1 4
2 1
3 1
4 1
#138
count=0
1 2
1 3
1 4
2 1
2 3
#139
count=0
1 2
1 3
1 4
2 1
2 3
4 3
#140
count=0
1 2
1 3
1 4
2 1
2 3
4 2
#141
count=0
1 2
1 3
1 4
2 1
2 3
4 2
4 3
#142
count=0
1 2
1 3
1 4
2 1
2 3
4 1
#143
count=0
1 2
1 3
1 4
2 1
2 3
4 1
4 3
#144
count=0
1 2
1 3
1 4
2 1
2 3
3 4
#145
count=0
1 2
1 3
1 4
2 1
2 3
3 4
4 3
#146
count=0
1 2
1 3
1 4
2 1
2 3
3 4
4 2
#147
count=0
1 2
1 3
1 4
2 1
2 3
3 4
4 2
4 3
#148
count=0
1 2
1 3
1 4
2 1
2 3
3 4
4 1
#149
count=0
1 2
1 3
1 4
2 1
2 3
3 2
#150
count=0
1 2
1 3
1 4
2 1
2 3
3 2
4 3
#151
count=0
1 2
1 3
1 4
2 1
2 3
3 2
4 2
#152
count=0
1 2
1 3
1 4
2 1
2 3
3 2
4 2
4 3
#153
count=0
1 2
1 3
1 4
2 1
2 3
3 2
4 1
#154
count=0
1 2
1 3
1 4
2 1
2 3
3 2
4 1
4 3
#155
count=0
1 2
1 3
1 4
2 1
2 3
3 2
3 4
#156
count=0
1 2
1 3
1 4
2 1
2 3
3 2
3 4
4 3
#157
count=0
1 2
1 3
1 4
2 1
2 3
3 2
3 4
4 2
#158
count=0
1 2
1 3
1 4
2 1
2 3
3 2
3 4
4 2
4 3
#159
count=0
1 2
1 3
1 4
2 1
2 3
3 2
3 4
4 1
#160
count=0
1 2
1 3
1 4
2 1
2 3
3 2
3 4
4 1
4 3
#161
count=0
1 2
1 3
1 4
2 1
2 3
3 1
#162
count=0
1 2
1 3
1 4
2 1
2 3
3 1
4 3
#163
count=0
1 2
1 3
1 4
2 1
2 3
3 1
4 2
#164
count=0
1 2
1 3
1 4
2 1
2 3
3 1
4 2
4 3
#165
count=0
1 2
1 3
1 4
2 1
2 3
3 1
4 1
#166
count=0
1 2
1 3
1 4
2 1
2 3
3 1
4 1
4 3
#167
count=0
1 2
1 3
1 4
2 1
2 3
3 1
3 4
#168
count=0
1 2
1 3
1 4
2 1
2 3
3 1
3 4
4 3
#169
count=0
1 2
1 3
1 4
2 1
2 3
3 1
3 4
4 2
#170
count=0
1 2
1 3
1 4
2 1
2 3
3 1
3 4
4 2
4 3
#171
count=0
1 2
1 3
1 4
2 1
2 3
3 1
3 4
4 1
#172
count=0
1 2
1 3
1 4
2 1
2 3
3 1
3 4
4 1
4 2
#173
count=0
1 2
1 3
1 4
2 1
2 3
3 1
3 2
#174
count=0
1 2
1 3
1 4
2 1
2 3
3 1
3 2
4 2
#175
count=0
1 2
1 3
1 4
2 1
2 3
3 1
3 2
4 2
4 3
#176
count=0
1 2
1 3
1 4
2 1
2 3
3 1
3 2
4 1
#177
count=0
1 2
1 3
1 4
2 1
2 3
3 1
3 2
4 1
4 2
#178
count=0
1 2
1 3
1 4
2 1
2 3
2 4
#179
count=0
1 2
1 3
1 4
2 1
2 3
2 4
3 4
#180
count=0
1 2
1 3
1 4
2 1
2 3
2 4
3 4
4 3
#181
count=0
1 2
1 3
1 4
2 1
2 3
2 4
3 1
#182
count=0
1 2
1 3
1 4
2 1
2 3
2 4
3 1
4 3
#183
count=0
1 2
1 3
1 4
2 1
2 3
2 4
3 1
4 2
#184
count=0
1 2
1 3
1 4
2 1
2 3
2 4
3 1
4 1
#185
count=0
1 2
1 3
1 4
2 1
2 3
2 4
3 1
3 4
#186
count=0
1 2
1 3
1 4
2 1
2 3
2 4
3 1
3 4
4 3
#187
count=0
1 2
1 3
1 4
2 1
2 3
2 4
3 1
3 4
4 2
#188
count=0
1 2
1 3
1 4
2 1
2 3
2 4
3 1
3 4
4 2
4 3
#189
count=0
1 2
1 3
1 4
2 1
2 3
2 4
3 1
3 4
4 1
#190
count=0
1 2
1 3
1 4
2 1
2 3
2 4
3 1
3 4
4 1
4 3
#191
count=0
1 2
1 3
1 4
2 1
2 3
2 4
3 1
3 2
#192
count=0
1 2
1 3
1 4
2 1
2 3
2 4
3 1
3 2
4 3
#193
count=0
1 2
1 3
1 4
2 1
2 3
2 4
3 1
3 2
4 1
#194
count=0
1 2
1 3
1 4
2 1
2 3
2 4
3 1
3 2
4 1
4 3
#195
count=0
1 2
1 3
1 4
2 1
2 3
2 4
3 1
3 2
4 1
4 2
#196
count=0
1 2
1 3
1 4
2 1
2 3
2 4
3 1
3 2
3 4
#197
count=0
1 2
1 3
1 4
2 1
2 3
2 4
3 1
3 2
3 4
4 1
#198
count=0
1 2
1 3
1 4
2 1
2 3
2 4
3 1
3 2
3 4
4 1
4 2
#199
count=0
1 2
1 3
1 4
2 1
2 3
2 4
3 1
3 2
3 4
4 1
4 2
4 3
